ffprobe version 2.6 Copyright (c) 2007-2015 the FFmpeg developers
  built with Apple LLVM version 6.0 (clang-600.0.56) (based on LLVM 3.5svn)
  configuration: --prefix=/usr/local/Cellar/ffmpeg/2.6 --enable-shared --enable-pthreads --enable-gpl --enable-version3 --enable-hardcoded-tables --enable-avresample --cc=clang --host-cflags= --host-ldflags= --enable-libx264 --enable-libmp3lame --enable-libvo-aacenc --enable-libxvid --enable-vda
  libavutil      54. 20.100 / 54. 20.100
  libavcodec     56. 26.100 / 56. 26.100
  libavformat    56. 25.101 / 56. 25.101
  libavdevice    56.  4.100 / 56.  4.100
  libavfilter     5. 11.102 /  5. 11.102
  libavresample   2.  1.  0 /  2.  1.  0
  libswscale      3.  1.101 /  3.  1.101
  libswresample   1.  1.100 /  1.  1.100
  libpostproc    53.  3.100 / 53.  3.100
Input #0, lavfi, from 'movie=../data/Cisi_kortsida.MP4,fps=fps=1/5[out0]':
  Duration: N/A, start: 0.000000, bitrate: N/A
    Stream #0:0: Video: rawvideo (I420 / 0x30323449), yuv420p, 1920x1080 [SAR 1:1 DAR 16:9], 0.20 fps, 0.20 tbr, 0.20 tbn, 0.20 tbc
0.000000
5.000000
10.000000
15.000000
20.000000
25.000000
30.000000
35.000000
40.000000
45.000000
50.000000
55.000000
60.000000
65.000000
70.000000
75.000000
80.000000
85.000000
90.000000
95.000000
100.000000
105.000000
110.000000
115.000000
120.000000
125.000000
130.000000
135.000000
140.000000
145.000000
150.000000
155.000000
160.000000
165.000000
170.000000
175.000000
180.000000
185.000000
190.000000
195.000000
200.000000
205.000000
210.000000
215.000000
220.000000
225.000000
230.000000
235.000000
240.000000
245.000000
250.000000
255.000000
260.000000
265.000000
270.000000
275.000000
280.000000
285.000000
290.000000
295.000000
300.000000
305.000000
310.000000
315.000000
320.000000
325.000000
330.000000
335.000000
340.000000
345.000000
350.000000
355.000000
360.000000
365.000000
370.000000
375.000000
380.000000
385.000000
390.000000
395.000000
400.000000
405.000000
410.000000
415.000000
420.000000
425.000000
430.000000
435.000000
440.000000
445.000000
450.000000
455.000000
460.000000
465.000000
470.000000
475.000000
480.000000
485.000000
490.000000
495.000000
500.000000
505.000000
510.000000
515.000000
520.000000
525.000000
530.000000
535.000000
540.000000
545.000000
550.000000
555.000000
560.000000
565.000000
570.000000
575.000000
580.000000
585.000000
590.000000
595.000000
600.000000
605.000000
610.000000
615.000000
620.000000
625.000000
630.000000
635.000000
640.000000
645.000000
650.000000
655.000000
660.000000
665.000000
670.000000
675.000000
680.000000
685.000000
690.000000
695.000000
700.000000
705.000000
710.000000
715.000000
720.000000
725.000000
730.000000
735.000000
740.000000
745.000000
750.000000
755.000000
760.000000
765.000000
770.000000
775.000000
780.000000
785.000000
790.000000
795.000000
800.000000
805.000000
810.000000
815.000000
820.000000
825.000000
830.000000
835.000000
